16.67
22.79
13.33
30.24
8.63
22.81
22.08
18.55
16.18
17.30
12.69
18.68
37.74
22.02
28.03
14.23
24.47
59.75
24.05
16.84
13.11
16.91
52.74
10.86
10.35
4.52
20.04
9.20
7.65
17.10
15.46
22.77
7.88
22.03
15.99
14.30
16.72
8.08
14.96
40.36
14.17
25.02
32.64
16.86
9.10
22.72
17.13
46.50
16.24
11.31
8.10
17.24
24.67
29.15
26.13
23.57
16.33
20.72
15.96
16.28
7.64
11.40
12.92
14.99
33.68
28.60
29.18
19.38
13.47
12.87
18.99
16.58
17.05
15.90
18.99
13.96
17.71
22.71
11.55
22.93
12.88
17.21
14.65
16.90
10.37
23.56
16.04
17.98
12.49
22.63
17.52
16.57
13.07
15.10
15.34
16.56
23.11
40.55
18.70
16.73
16.47
25.18
24.83
16.37
29.59
8.91
11.13
13.04
16.80
14.60
20.54
4.08
13.05
19.26
37.00
25.66
16.05
21.90
23.18
6.23
14.06
20.31
17.18
8.15
19.33
13.92
46.95
19.47
17.36
8.78
16.01
22.04
41.52
16.32
26.56
15.60
8.18
12.14
14.33
13.52
25.07
12.84
27.43
14.00
22.28
20.72
33.13
20.01
30.70
36.09
12.93
42.86
28.31
26.70
7.51
16.25
19.65
19.35
19.15
33.43
20.18
21.27
16.83
8.46
21.66
33.77
18.82
22.53
18.21
30.10
13.69
13.53
25.53
14.25
12.03
25.22
16.17
12.03
15.40
9.05
17.19
48.57
15.88
12.19
22.33
16.20
15.23
20.19
18.37
26.35
30.03
16.69
21.85
23.34
24.92
15.75
14.59
22.84
19.50
26.49
17.93
13.78
15.46
15.49
23.44
32.93
16.56
16.11
15.13
19.87
15.89
25.27
18.21
22.37
27.43
30.42
17.76
18.50
20.74
11.87
93.49
17.78
20.70
13.79
13.60
12.80
61.83
18.36
15.27
11.60
16.46
26.73
12.52
37.98
23.87
16.78
19.78
17.19
10.67
19.28
12.75
18.31
24.56
41.72
36.70
17.95
16.87
31.20
16.94
16.78
26.69
26.00
13.59
6.91
27.37
5.01
50.28
17.49
15.94
21.04
4.76
14.56
24.55
11.57
36.84
4.89
13.71
30.43
16.30
11.24
18.76
16.63
36.15
18.52
49.07
6.91
20.39
16.12
14.16
6.76
20.67
11.32
15.90
17.35
37.76
14.62
20.21
17.09
17.93
12.44
8.55
19.62
15.66
14.74
30.60
20.45
48.05
15.06
14.57
23.92
15.81
24.60
20.65
17.55
25.41
23.63
13.11
16.79
21.74
15.29
27.56
20.33
11.67
14.63
16.85
23.80
30.19
7.59
16.80
41.73
16.84
22.71
28.09
25.57
15.20
30.89
17.33
18.49
18.08
22.98
17.27
22.30
16.05
16.40
19.89
15.71
12.72
20.36
59.33
17.58
19.80
44.05
9.28
23.96
19.40
23.70
41.68
20.94
19.49
5.36
24.81
13.03
14.29
14.51
8.18
16.17
64.66
23.81
17.82
18.86
27.62
23.47
31.95
24.17
31.90
28.88
19.73
44.36
18.43
39.67
15.86
20.36
28.46
20.30
15.00
14.17
20.36
16.98
35.63
9.01
4.29
18.84
8.41
3.65
26.85
17.85
10.58
13.87
32.24
26.46
25.22
16.34
18.33
19.40
11.70
20.66
22.69
24.66
20.84
16.44
11.72
18.32
13.79
14.74
11.11
28.49
15.87
15.21
14.06
10.77
10.67
15.10
13.84
9.02
16.34
24.82
6.31
21.43
24.27
28.66
20.65
13.65
13.55
21.90
13.90
42.79
13.06
25.94
20.88
52.17
15.33
25.25
5.61
20.12
12.48
23.71
20.79
17.03
15.80
20.21
20.00
12.29
21.31
22.33
14.65
20.16
31.26
21.70
21.52
13.01
11.98
23.34
21.10
26.96
15.34
13.56
28.98
11.55
17.30
12.32
21.95
24.66
18.46
13.61
26.56
24.45
16.65
24.04
11.76
15.66
18.81
12.29
14.85
27.75
16.93
26.46
19.35
16.65
44.85
17.48
21.08
15.79
13.73
18.17
46.43
21.86
28.07
20.75
17.65
18.19
11.23
16.77
14.62
22.08
22.26
43.81
11.13
23.83
19.98
31.89
22.52
8.15
14.35
33.69
35.44
32.37
108.32
18.69
14.72
30.84
20.12
12.40
11.69
5.67
16.21
47.85
25.90
23.91
21.35
11.11
22.79
24.05
34.07
20.74
27.93
29.71
21.63
20.34
8.37
16.27
16.78
21.29
18.02
30.09
15.21
34.36
16.94
19.15
31.73
26.43
20.89
10.44
16.72
23.17
16.00
16.26
40.37
14.84
25.58
20.54
12.65
13.31
29.43
9.89
15.56
23.46
13.80
15.37
31.16
13.28
13.75
14.19
19.62
15.55
15.37
15.58
9.27
23.41
14.40
13.16
8.85
61.50
15.68
15.67
23.41
12.77
15.49
18.43
21.23
37.69
22.88
30.01
31.53
14.11
14.44
16.14
22.43
18.11
18.23
45.46
21.29
29.71
30.70
18.96
11.83
2.90
17.18
21.74
38.37
20.43
23.39
20.85
15.12
24.14
17.92
21.29
21.13
17.93
30.80
12.55
9.84
17.17
20.42
11.94
16.72
14.96
21.31
17.63
18.43
43.71
8.25
14.70
2.31
11.03
14.71
14.07
23.88
31.83
8.54
8.16
19.72
14.10
58.06
34.63
44.17
23.11
29.05
20.96
19.41
17.65
13.14
12.37
16.33
81.42
38.35
10.39
15.96
15.72
22.19
13.60
14.25
46.79
16.99
19.63
16.18
12.89
37.69
19.38
32.48
12.19
14.62
14.69
14.82
14.62
14.22
14.49
38.08
29.28
31.26
15.02
24.12
29.72
7.26
43.66
7.55
43.20
13.38
21.53
12.08
38.12
18.29
25.94
28.65
15.92
15.91
13.87
34.43
35.67
35.76
21.95
17.84
11.25
12.33
16.85
12.12
16.03
16.85
15.08
4.96
30.08
22.21
10.96
31.67
23.97
5.11
16.44
63.07
39.94
49.55
10.83
13.45
11.74
16.06
38.38
8.31
16.72
15.46
23.26
46.01
20.65
17.52
6.96
14.41
22.59
19.98
12.04
15.76
22.76
20.00
11.17
12.55
16.44
12.33
11.41
21.27
29.45
14.15
24.89
16.94
16.70
15.11
32.74
8.04
4.63
26.64
17.35
14.07
11.04
19.06
23.29
21.90
20.40
19.02
12.40
34.80
12.36
22.54
8.51
23.15
44.06
15.89
14.18
18.77
12.20
6.89
15.25
21.86
18.17
14.53
16.87
16.85
15.30
18.60
16.01
22.81
13.86
17.50
22.10
20.51
15.30
13.47
12.38
17.72
49.16
14.52
20.94
35.20
22.86
19.72
19.52
24.96
21.91
13.86
14.71
47.64
20.30
14.91
18.23
16.29
10.72
15.68
13.15
25.74
26.71
16.36
19.31
17.49
23.14
6.53
19.69
13.97
20.61
22.97
33.22
9.04
25.42
39.48
31.19
20.07
20.31
23.52
30.16
16.20
17.13
16.27
24.89
13.50
12.09
18.90
49.34
15.47
18.26
12.88
21.71
15.70
27.10
17.55
25.17
14.93
23.94
21.13
13.64
11.78
23.36
19.09
24.36
4.09
17.53
18.02
19.11
18.16
15.13
39.53
6.96
11.26
15.04
12.57
13.63
20.91
13.47
15.81
25.34
15.24
16.63
22.34
13.29
22.27
12.50
17.67
14.71
13.21
15.13
16.30
13.15
13.82
25.94
18.83
73.42
15.17
20.14
38.90
20.78
11.63
17.19
12.25
15.22
15.39
25.73
11.17
19.97
12.72
9.69
14.32
32.30
32.99
23.65
22.40
35.01
20.65
33.80
15.90
14.45
31.64
16.45
16.51
20.27
5.39
15.76
20.89
11.58
19.40
10.90
13.17
22.18
20.50
4.07
21.21
34.68
23.90
18.70
12.82
27.29
7.27
28.21
34.32
14.77
29.20
20.69
15.44
17.29
17.02
42.48
22.58
16.80
25.68
22.30
19.52
23.80
13.30
12.45
19.09
16.10
15.02
18.87
18.47
19.78
17.17
20.11
17.48
12.72
14.27
10.28
15.14
16.55
15.94
18.66
26.23
23.65
67.66
15.32
15.97
20.59
20.68
13.48
2.62
4.32
22.46
19.89
17.83
19.39
16.16
14.60
14.30
28.97
15.75
54.42
9.60
19.79
13.08
34.36
19.06
24.03
13.91
10.83
13.53
12.44
14.93
16.06
24.15
23.30
9.63
18.09
13.39
18.86
15.20
7.92
15.89
15.82
13.95
22.74
26.37
21.80
34.74
5.84
19.33
17.46
15.27
16.52
19.96
16.42
17.25
55.35
23.96
22.59
19.12
27.76
11.85
18.96
71.08
20.07
9.84
14.56
23.01
19.78
14.29
14.32
43.10
12.93
18.74
23.93
13.80
26.89
13.49
17.51
18.84
26.42
12.43
18.26
15.96
24.86
18.77
17.22
15.44
17.21
15.55
16.91
16.28
19.88
18.21
14.31
23.95
15.33
20.66
18.00
11.06
11.43
15.62
12.90
20.88
17.63
20.17
61.69
20.82
18.83
19.33
26.09
16.07
22.92
13.30
49.72
11.18
8.94
27.93
13.08
21.71
14.54
29.94
15.52
29.82
7.73
14.89
24.04
14.17
29.11
24.65
20.80
17.49
12.82
16.46
15.26
16.44
27.07
15.61
13.72
16.70
7.92
16.26
27.13
22.78
16.92
24.24
5.79
13.82
16.56
33.05
23.21
14.90
14.95
14.58
11.62
22.89
17.13
18.63
14.90
13.71
14.31
14.32
14.77
10.66
12.06
16.27
4.25
15.11
17.44
22.77
20.57
15.84
16.35
29.02
23.56
21.57
15.36
22.87
16.77
38.52
27.86
30.00
15.68
23.88
35.45
20.24
6.63
26.02
12.82
15.20
14.98
14.15
20.11
17.67
5.83
21.61
19.83
20.03
20.86
10.05
14.28
15.03
14.88
17.63
14.15
12.51
37.29
23.10
19.77
9.97
20.77
17.34
6.38
38.09
12.72
14.82
19.09
22.92
16.93
30.79
10.12
15.83
14.05
9.18
29.58
13.73
17.79
18.16
7.72
23.16
8.04
14.62
18.29
30.31
34.31
13.53
23.99
14.17
17.10
15.48
42.60
9.90
12.74
34.29
8.47
16.00
53.81
11.76
14.25
13.67
16.82
17.25
56.21
14.41
7.02
18.14
12.46
20.24
17.88
18.30
15.71
13.91
13.19
65.92
24.47
80.91
30.03
16.11
17.86
5.57
14.64
30.17
19.15
13.38
29.41
6.76
19.66
27.28
14.72
22.30
19.29
11.68
12.75
23.88
5.85
21.46
16.93
20.80
11.32
31.37
71.78
49.21
26.14
28.29
35.94
21.36
14.04
27.62
14.77
19.16
11.62
3.18
23.94
22.59
27.01
6.15
16.45
12.27
15.35
21.83
13.22
9.78
17.58
58.83
49.19
19.97
18.02
19.56
29.33
15.25
25.18
13.19
23.89
13.85
19.50
21.45
19.32
19.76
17.00
27.78
27.10
12.45
18.72
16.37
14.51
14.75
28.16
28.42
7.35
48.12
12.05
16.67
22.07
16.10
16.51
22.04
11.28
4.45
20.38
13.07
14.86
9.12
20.63
28.30
14.55
30.46
20.39
8.96
25.80
16.55
13.52
21.54
51.60
27.38
14.65
31.37
22.73
23.10
12.42
16.66
20.42
20.01
33.23
54.00
13.04
3.68
26.65
14.12
19.54
65.01
13.87
57.46
13.25
31.54
13.37
30.70
71.85
35.88
25.78
13.31
17.13
11.30
14.04
11.55
17.22
32.59
19.87
19.98
39.07
10.28
21.16
20.49
20.88
25.42
19.22
47.62
16.70
44.98
36.40
20.78
10.43
18.72
14.35
24.90
79.01
20.38
19.59
20.31
12.66
16.88
12.91
36.55
11.59
12.56
17.38
13.78
16.17
17.79
35.42
14.77
20.74
13.68
11.57
41.44
34.86
15.50
14.71
15.98
12.85
28.88
46.48
25.47
15.62
14.23
16.97
16.03
15.49
21.21
21.22
10.35
14.45
16.78
23.52
19.66
11.81
20.67
57.65
7.40
42.13
18.32
52.06
30.24
33.31
64.33
20.66
15.31
13.25
23.44
10.95
25.24
26.15
16.64
7.77
21.04
14.99
9.89
36.71
24.63
13.68
19.28
25.54
19.07
16.99
57.38
105.73
24.55
18.20
5.20
28.88
12.78
19.75
20.80
9.31
26.87
11.42
25.40
23.79
19.34
22.42
25.68
17.23
44.88
29.45
17.89
19.87
24.05
14.55
37.03
16.62
9.56
11.92
13.38
14.71
22.65
13.90
27.79
18.51
19.11
35.35
15.44
24.28
11.38
18.43
20.05
8.27
29.60
18.06
88.27
15.87
19.84
30.58
20.32
16.72
13.06
17.63
23.53
22.67
13.61
15.18
43.35
16.16
27.52
37.80
11.86
28.18
33.98
22.88
42.83
13.97
26.81
15.82
16.05
19.60
16.48
16.64
21.44
72.71
30.26
10.85
19.26
26.82
12.14
11.07
17.87
17.28
33.38
11.60
16.08
13.75
7.20
39.33
26.08
14.15
22.25
51.71
28.45
9.70
12.62
37.00
14.56
13.32
13.81
30.38
27.41
50.01
17.55
25.94
11.90
14.54
19.70
15.05
19.98
32.12
23.30
16.83
11.36
9.11
16.61
17.86
24.07
12.38
19.94
34.73
15.44
49.50
15.22
24.01
13.64
29.93
26.07
18.03
24.86
16.68
13.49
14.13
16.83
13.16
25.77
28.97
65.09
11.51
18.82
16.20
15.89
14.27
13.41
7.42
19.30
20.52
14.38
10.55
13.45
15.10
12.04
17.23
15.11
60.51
17.72
13.70
16.72
20.79
18.34
19.60
11.41
16.98
13.07
30.30
19.85
21.76
28.08
20.50
21.40
10.75
49.06
14.75
4.48
13.71
79.49
13.12
25.07
28.36
16.73
10.73
13.06
13.93
16.95
11.68
24.12
18.52
21.06
30.82
39.10
14.05
24.54
11.52
8.03
17.91
10.56
16.37
38.65
4.92
11.18
25.08
16.52
20.88
15.54
15.80
22.42
21.05
30.16
15.59
11.53
26.45
35.93
11.39
44.37
24.16
30.44
18.41
21.20
19.64
21.58
13.95
13.33
10.88
27.46
20.27
1.53
15.69
32.58
18.46
15.67
13.47
17.87
40.06
71.20
35.59
14.37
22.76
6.09
18.98
19.58
19.18
9.14
18.04
9.83
13.23
15.28
17.99
16.06
31.71
28.37
12.94
6.16
12.68
15.03
21.22
15.45
26.67
14.07
10.92
23.95
17.24
21.21
10.57
24.62
6.85
9.75
32.16
9.09
14.46
16.74
17.50
20.68
14.02
12.37
22.07
39.87
8.56
31.11
25.26
22.13
15.20
17.93
23.25
16.18
17.00
22.41
16.20
21.20
6.39
47.44
19.46
32.77
20.42
15.73
14.91
28.68
21.17
31.16
18.66
10.58
17.63
20.77
20.03
17.72
49.52
15.79
14.14
15.44
21.73
43.04
18.83
13.34
85.11
18.02
13.01
25.64
24.31
20.44
17.12
18.01
17.73
15.83
14.36
14.83
11.38
19.01
29.51
44.48
6.05
18.74
5.04
22.08
19.50
17.04
18.69
15.39
21.42
14.65
15.09
14.29
15.27
22.62
12.61
22.07
22.10
34.61
13.08
12.69
13.39
20.41
30.41
23.01
18.00
15.73
13.07
21.11
22.14
35.12
19.43
19.93
8.31
17.05
24.40
32.93
33.79
29.78
16.03
14.98
26.68
15.23
17.16
19.80
13.93
11.72
33.03
18.87
13.63
17.23
20.89
14.11
7.37
52.83
16.73
9.58
9.90
11.12
12.98
18.23
45.02
26.88
29.92
15.56
17.80
22.69
25.17
22.31
14.59
19.89
17.21
25.10
16.28
14.88
13.52
40.47
29.12
19.00
29.12
14.27
22.42
34.87
11.99
7.83
11.52
12.51
16.08
14.75
11.80
13.81
19.89
13.88
14.74
11.22
23.19
13.98
13.74
12.73
21.74
14.20
17.60
13.53
12.58
42.46
24.81
14.88
34.91
15.89
25.74
14.58
14.66
31.00
15.74
35.25
12.48
19.30
11.63
27.77
24.21
19.26
23.39
14.29
21.97
15.23
14.57
11.45
19.67
5.09
18.09
21.10
12.90
22.36
19.88
13.38
37.51
20.35
28.40
12.68
11.17
13.56
15.31
44.30
16.60
17.93
25.38
25.80
19.78
18.54
18.34
20.18
28.39
12.86
43.92
14.86
19.86
12.38
13.81
19.69
18.65
36.60
18.17
10.17
25.28
11.17
12.45
44.45
18.62
45.09
40.13
23.36
13.99
14.76
23.73
13.32
15.13
14.50
13.64
15.21
45.63
18.59
19.30
14.79
19.00
8.20
74.38
19.11
13.41
15.04
15.67
29.56
13.29
20.96
11.47
17.74
15.03
14.98
16.99
17.16
19.06
12.17
26.99
26.23
29.91
10.89
14.12
24.37
15.49
16.51
13.35
20.30
14.64
17.92
17.84
19.31
13.25
9.63
10.77
40.96
45.28
12.15
21.05
42.23
13.89
23.50
23.45
24.68
18.24
20.26
19.97
21.59
23.68
10.91
14.61
23.48
4.74
18.09
13.60
11.63
19.07
23.00
12.13
32.03
35.04
16.64
21.78
18.31
15.17
15.91
12.91
19.25
17.23
63.24
21.41
22.88
22.93
20.67
25.44
17.60
8.26
13.44
12.52
14.43
14.01
25.25
17.05
20.76
40.51
14.66
44.62
18.38
14.42
18.12
13.08
10.01
9.00
25.60
31.12
14.47
10.36
71.61
21.73
20.84
24.34
17.25
17.66
12.14
12.25
22.28
17.46
17.07
28.29
14.99
11.04
12.58
13.84
22.18
15.80
13.09
22.05
25.55
22.62
13.22
17.21
15.21
11.50
26.65
25.35
15.37
28.48
14.83
23.18
28.31
16.67
13.60
30.88
15.83
21.71
16.32
13.39
18.24
12.82
11.54
21.99
9.99
15.52
15.36
13.11
26.93
23.38
11.82
20.17
23.41
10.15
9.20
11.92
24.58
21.12
29.37
24.60
16.69
18.24
12.54
9.41
29.88
16.47
13.57
14.53
5.25
17.28
15.46
23.13
30.32
16.45
14.11
23.18
12.73
2.00
24.77
26.50
22.46
16.87
21.96
3.52
16.22
27.86
15.69
15.01
15.11
24.51
15.46
14.96
33.81
15.33
20.19
14.55
13.31
15.77
14.38
30.24
19.41
25.11
17.84
15.49
29.27
13.13
15.98
19.47
13.85
20.63
11.81
17.05
12.80
42.20
11.70
11.48
14.62
16.15
20.67
13.84
58.32
8.00
19.54
14.42
7.81
19.45
15.40
34.44
21.67
3.88
24.96
24.71
16.82
20.55
17.60
23.03
20.45
26.58
12.63
47.20
12.02
55.96
16.73
13.79
13.61
56.96
13.75
21.37
16.24
6.10
12.88
35.02
15.30
21.98
11.63
23.44
21.75
6.60
14.74
8.96
13.04
54.04
13.44
11.96
16.67
14.02
10.34
10.45
30.42
14.59
13.20
12.55
16.42
11.75
21.75
10.69
21.39
17.68
10.67
17.77
15.03
53.30
12.99
10.95
10.12
15.56
24.11
13.85
32.07
6.07
29.31
5.62
14.52
22.74
12.26
18.68
15.49
13.25
8.01
19.48
38.29
20.36
17.90
44.56
29.31
27.45
16.61
12.27
57.14
22.26
12.35
42.83
18.81
11.29
16.06
23.25
26.05
16.08
19.21
27.60
14.90
13.50
16.96
23.26
21.72
10.03
15.52
45.56
17.14
16.22
7.87
19.69
11.02
27.45
20.86
14.72
68.79
78.09
11.62
14.53
2.15
28.63
20.51
15.90
12.99
11.18
17.35
15.42
17.86
11.11
20.60
18.77
14.45
14.65
20.02
22.34
21.52
17.92
10.98
17.85
16.18
15.00
24.78
15.05
15.81
18.10
11.38
21.54
6.55
16.13
40.57
16.71
10.00
10.31
88.00
17.08
9.81
25.70
16.29
29.30
17.11
16.93
26.56
8.00
13.66
29.15
27.14
8.24
25.25
12.15
20.62
17.30
14.37
14.09
16.76
17.98
20.34
22.85
18.20
15.98
13.39
10.79
20.22
22.10
28.02
26.04
34.19
14.92
20.66
19.52
22.70
18.16
13.39
14.87
22.71
7.29
31.05
45.57
12.56
19.07
21.81
16.02
17.73
17.99
18.81
17.50
12.90
10.70
15.82
12.54
14.84
22.20
21.46
21.02
20.60
21.76
14.98
22.20
23.26
11.59
17.08
24.01
16.41
16.03
36.57
34.67
11.08
16.41
20.71
20.79
25.06
14.59
9.67
7.10
42.38
12.85
19.26
18.95
10.07
20.45
12.47
13.38
11.38
20.44
19.91
20.76
15.78
9.39
23.99
9.38
25.80
25.14
18.49
34.65
15.05
12.14
16.48
12.54
15.67
34.19
17.07
19.19
13.70
16.27
8.01
13.34
13.96
10.93
24.86
27.83
14.48
25.11
12.93
15.46
16.89
24.98
10.14
13.81
26.23
14.91
16.93
27.53
14.24
11.98
37.26
14.89
13.77
73.67
27.73
29.51
15.61
13.18
19.23
19.48
23.08
18.92
13.67
14.17
15.87
13.54
41.34
7.47
12.25
19.99
11.68
29.40
13.98
31.04
13.77
19.64
6.85
18.83
19.28
27.79
17.92
19.17
37.33
19.67
43.39
22.70
15.57
14.32
14.26
75.62
49.89
10.77
9.52
22.48
47.00
13.59
35.32
19.36
13.86
9.57
18.44
23.75
5.13
9.44
11.57
68.11
25.01
13.14
13.25
18.07
18.61
15.59
32.54
12.51
13.18
8.43
16.61
21.69
18.78
18.74
15.42
23.97
35.33
17.49
25.18
20.10
42.07
19.47
51.51
12.55
19.42
8.89
44.50
18.83
13.54
18.20
8.93
14.30
31.13
23.37
16.07
13.50
17.30
15.07
17.40
20.36
21.62
17.55
20.18
17.88
16.29
15.55
9.71
13.58
10.19
14.62
10.43
16.92
11.27
11.16
17.00
11.79
8.89
11.63
13.25
25.69
13.26
20.43
28.53
13.32
12.08
19.08
25.24
19.67
21.16
21.62
26.36
22.52
6.46
24.69
34.00
10.93
14.64
18.50
13.22
34.40
22.71
10.24
30.10
19.93
18.07
19.40
13.69
23.30
35.36
25.78
20.44
19.14
4.03
21.59
18.14
18.17
24.24
21.46
7.83
4.59
26.74
17.46
26.19
19.62
12.26
20.06
49.11
21.08
15.49
15.79
15.45
14.39
41.57
15.81
8.11
18.17
14.65
69.51
14.92
15.25
19.97
15.68
16.01
18.82
15.44
30.16
22.30
26.08
18.88
14.22
12.63
9.94
26.32
24.50
17.53
15.65
17.81
18.73
12.13
21.62
21.65
15.83
13.03
19.13
19.33
18.25
37.87
35.44
5.63
22.16
28.81
12.24
16.26
19.97
13.22
12.53
14.60
7.23
16.57
8.48
12.65
54.47
19.09
18.92
12.13
7.77
15.50
17.19
14.51
33.02
21.34
13.98
16.92
18.30
24.18
20.47
22.98
21.93
16.81
17.82
32.65
28.03
13.80
18.42
24.63
22.60
15.41
31.94
30.53
13.32
10.24
32.40
27.43
45.52
14.46
28.23
14.94
18.49
17.99
31.79
28.57
10.86
17.20
18.03
47.42
13.59
15.83
11.16
55.34
12.25
19.08
14.91
27.59
26.79
19.31
11.65
10.68
43.80
27.14
15.76
24.88
95.39
9.23
24.29
18.16
25.25
12.51
19.26
16.37
18.16
16.35
17.36
15.07
72.73
29.93
14.75
6.34
18.50
12.39
19.30
17.54
18.34
20.53
14.78
12.62
14.56
17.71
32.36
15.11
12.82
17.15
12.69
21.09
23.76
14.87
14.70
12.79
13.33
17.54
19.46
8.37
25.05
25.11
18.98
27.48
13.41
50.18
20.73
15.04
9.57
21.19
10.24
19.55
9.77
16.52
48.52
4.96
20.78
34.14
26.79
14.34
12.21
10.03
35.38
11.56
16.24
28.26
16.04
24.34
20.71
12.20
47.93
30.04
26.41
14.78
14.76
7.90
18.72
8.90
50.59
11.95
20.05
21.85
11.57
12.93
10.65
11.39
12.39
22.04
31.66
17.87
22.19
18.68
16.38
21.62
21.06
20.97
49.06
29.76
17.07
17.82
14.75
15.23
22.00
14.54
18.90
20.34
16.23
20.95
16.80
18.99
18.73
17.92
18.43
16.30
17.19
19.06
20.50
30.48
17.66
14.66
8.22
22.17
22.15
13.95
20.80
5.33
20.95
13.24
18.43
32.30
11.55
10.29
16.78
15.72
13.58
18.97
26.92
10.48
49.12
11.21
14.73
18.44
19.80
19.01
18.74
21.09
14.81
21.72
4.08
16.26
12.17
0.68
30.18
18.32
26.00
16.76
35.63
11.82
30.25
16.05
41.00
19.01
16.82
15.85
32.51
49.71
12.83
18.15
21.83
32.70
14.16
22.30
10.66
20.26
20.25
13.90
26.52
14.81
22.70
9.84
15.49
13.09
10.84
16.04
14.58
14.57
23.20
29.41
19.65
12.68
49.51
19.85
12.52
16.30
17.59
12.90
34.44
17.79
24.55
13.22
28.40
23.05
23.23
39.94
33.99
22.40
27.61
18.76
23.29
20.79
11.69
30.92
17.12
10.69
31.82
18.66
8.66
21.38
15.59
19.09
13.39
20.97
7.88
26.66
38.11
14.50
25.79
15.97
13.82
15.65
14.28
21.82
31.73
20.02
32.07
18.78
24.97
18.17
8.81
29.28
16.03
15.04
14.26
26.94
14.86
5.49
20.47
12.57
24.17
12.88
24.64
23.16
18.12
16.60
11.00
13.52
17.16
6.15
22.40
37.53
16.68
18.31
14.27
24.71
25.72
18.35
17.01
51.58
14.68
9.47
15.54
15.41
20.65
16.10
33.76
30.64
5.16
12.64
20.77
17.04
35.27
17.33
17.24
14.45
20.20
30.21
14.81
17.78
11.46
60.54
62.88
10.99
12.24
14.39
30.70
51.90
23.92
25.87
19.37
22.16
15.59
15.37
35.79
15.03
18.94
13.88
25.99
21.29
20.62
19.98
8.20
12.52
12.47
16.21
15.64
41.06
3.65
20.16
26.39
20.55
26.30
39.43
19.02
21.15
30.69
25.12
29.96
17.87
21.95
9.65
27.68
16.58
42.85
12.31
12.78
12.35
27.47
14.65
15.90
12.87
29.22
10.70
13.58
48.49
14.78
17.25
11.83
19.53
21.38
18.43
22.78
36.27
21.44
12.88
21.65
63.16
12.26
17.40
15.81
20.31
18.78
7.77
33.97
16.95
17.42
14.84
24.70
14.92
18.30
23.04
12.27
15.16
12.72
13.46
21.26
14.67
23.72
23.29
10.98
25.09
13.14
18.13
18.41
17.17
9.75
35.87
16.26
33.00
15.78
28.69
20.58
15.67
19.00
17.90
13.71
73.28
25.12
11.43
23.79
14.17
15.93
19.45
5.22
19.35
12.81
16.63
21.16
9.08
13.22
16.95
27.85
15.69
24.40
18.61
29.95
15.02
11.40
24.21
15.85
9.83
15.12
24.86
15.58
6.86
44.64
11.24
31.08
13.87
14.15
15.36
13.30
41.57
11.75
8.42
27.45
22.26
16.94
26.81
28.08
20.97
19.14
23.51
15.31
23.94
12.49
14.78
21.39
21.52
46.73
43.38
20.41
23.77
25.03
15.03
40.05
20.71
10.79
19.03
29.95
30.57
19.06
19.40
29.83
9.45
17.51
19.80
16.53
36.23
15.95
17.32
19.45
25.45
12.38
20.19
72.05
10.79
12.78
17.89
33.79
7.89
12.95
16.51
24.04
28.38
15.09
20.80
13.47
8.78
26.22
15.13
32.32
16.54
16.40
21.24
11.98
13.30
31.05
18.14
12.80
15.72
18.83
18.18
49.46
25.03
16.19
15.98
21.54
18.88
32.21
14.35
11.71
17.53
16.40
50.90
23.44
12.57
21.35
36.18
15.21
16.09
13.19
10.90
56.55
50.87
16.96
13.46
9.98
16.12
16.18
23.64
28.13
30.75
24.92
29.10
30.56
17.98
49.82
19.46
20.50
11.48
16.83
15.31
58.92
23.03
5.07
39.19
16.97
20.06
8.11
24.23
13.80
17.02
16.94
17.73
14.39
19.32
22.99
21.37
20.82
12.47
21.80
12.46
5.95
11.41
17.65
12.27
16.40
28.88
12.68
16.35
22.52
17.30
15.57
8.26
15.14
31.67
12.86
17.42
19.67
46.18
9.92
17.15
18.75
20.01
39.40
20.37
21.92
29.34
57.51
13.34
26.67
23.49
12.60
24.10
31.90
12.58
10.91
15.71
13.53
16.99
16.54
38.16
22.13
21.01
21.88
18.02
13.78
14.94
21.51
43.12
33.56
13.88
16.54
13.25
23.15
17.55
15.40
14.93
13.25
22.83
12.60
20.24
21.64
11.27
15.52
13.07
15.54
14.89
15.08
13.50
24.12
19.50
27.00
15.77
19.56
14.13
13.52
12.00
12.66
10.25
17.08
16.71
22.28
29.48
20.57
33.10
20.09
16.78
16.46
6.43
22.90
18.86
17.90
21.76
25.89
13.47
23.55
22.95
21.71
9.30
14.47
10.85
18.10
21.14
16.46
15.27
11.05
36.08
22.60
42.48
22.84
15.72
13.72
13.51
16.77
23.54
36.01
19.91
15.39
17.88
23.44
12.31
54.44
16.98
22.75
14.66
38.94
17.60
82.90
27.96
5.34
35.28
17.36
15.62
22.18
11.53
15.38
28.04
21.78
17.26
7.36
13.29
13.67
11.79
19.83
19.22
11.09
12.56
12.92
23.93
26.52
19.80
11.24
14.77
12.78
14.49
23.24
13.52
13.57
16.66
30.19
17.73
13.94
25.66
14.43
13.73
58.40
13.61
45.94
13.98
14.04
25.22
13.49
63.09
22.99
20.74
23.12
17.52
24.10
22.69
31.54
19.22
23.10
11.71
14.83
12.21
13.19
6.94
22.01
50.78
21.39
18.43
5.80
18.93
18.00
17.16
12.53
32.23
31.07
19.13
26.77
15.97
16.92
16.98
25.54
12.81
97.28
11.89
13.75
31.11
25.90
27.76
15.36
14.11
10.83
19.64
22.29
55.53
28.36
19.86
27.39
12.17
24.70
21.59
28.04
19.42
16.96
14.90
17.82
12.15
18.67
17.31
14.46
18.66
15.58
25.59
17.96
13.88
3.95
15.74
79.09
12.89
11.05
13.13
24.70
19.24
18.12
17.44
36.53
9.90
16.68
13.10
20.05
16.40
17.32
6.79
16.70
22.50
50.56
9.11
29.99
15.04
9.23
19.78
14.47
46.18
20.02
37.30
15.71
19.22
12.57
8.12
20.30
12.68
16.74
12.50
14.67
11.49
30.03
17.94
18.99
12.80
17.81
13.80
15.59
16.02
3.38
18.00
16.67
37.87
43.41
9.56
10.60
20.96
17.14
59.30
29.91
20.36
19.59
29.43
19.50
7.89
22.96
16.93
5.31
24.28
48.71
21.07
12.36
15.45
21.63
13.33
16.00
17.60
18.40
21.76
9.61
11.00
19.20
14.69
30.66
22.33
38.88
14.50
14.74
25.32
16.25
22.25
17.49
7.76
10.73
19.33
16.49
16.65
32.02
18.46
11.77
25.34
26.68
29.18
15.24
19.14
10.20
20.07
19.56
51.90
12.11
58.29
24.61
12.89
19.09
18.47
13.36
42.77
17.91
10.01
27.90
14.80
26.29
18.48
12.97
19.91
18.59
21.90
3.88
15.92
16.24
18.18
4.98
14.42
7.59
26.46
31.75
14.53
34.84
133.51
16.68
17.24
20.92
15.61
16.38
45.00
71.10
15.30
14.39
51.90
21.37
17.28
22.49
25.86
13.17
21.79
24.19
15.09
16.08
16.00
16.17
68.07
9.09
22.40
32.79
34.87
21.89
23.70
8.74
14.89
15.58
19.66
21.35
48.15
16.70
17.00
17.68
16.93
15.29
33.67
13.59
16.92
20.33
17.78
14.68
20.99
23.26
33.31
21.23
15.68
13.21
20.18
21.79
15.22
1.74
16.66
28.12
14.85
18.94
17.70
13.01
20.17
14.39
36.45
29.17
13.90
14.80
36.88
12.70
11.27
16.79
22.68
20.00
15.99
17.89
20.90
13.08
23.65
16.49
21.15
14.46
33.39
19.24
18.51
20.87
19.72
31.55
19.14
23.29
18.87
13.38
29.59
12.90
16.22
39.53
13.85
23.23
17.22
20.08
12.06
12.51
10.40
25.54
22.66
14.67
27.98
35.89
51.22
16.80
14.79
13.19
22.92
11.99
16.00
30.46
56.39
14.15
13.83
14.80
24.01
18.16
16.10
12.74
12.09
14.24
15.00
17.91
17.22
16.32
17.06
5.92
16.31
23.48
23.36
15.26
12.56
27.84
27.52
20.40
16.10
27.45
34.27
12.77
18.54
21.64
18.61
11.09
3.48
20.72
9.52
9.12
15.40
18.19
59.34
19.82
15.50
49.39
8.70
19.58
19.43
5.70
13.90
9.76
11.18
16.98
23.84
11.28
15.21
15.87
17.81
9.80
50.57
24.86
19.46
33.89
12.03
14.26
34.76
20.51
28.64
21.44
16.64
19.65
51.02
24.74
13.43
8.71
104.99
17.76
20.52
26.31
27.02
13.00
16.41
15.46
16.54
39.13
8.67
17.61
15.12
21.05
30.95
34.97
12.15
15.44
46.21
7.10
17.21
44.18
13.74
45.69
13.05
11.35
16.46
19.22
11.34
15.76
14.87
23.82
10.72
18.67
21.72
21.87
15.61
14.26
19.69
23.37
15.04
6.58
14.47
28.66
14.41
20.09
12.67
78.08
35.87
13.30
13.49
15.84
21.31
20.79
13.42
15.82
15.87
21.89
9.87
29.36
17.80
31.16
14.97
16.19
27.33
21.43
14.95
23.14
21.05
26.18
16.23
17.91
36.42
15.31
27.04
11.94
13.97
15.17
13.85
27.83
12.88
42.27
24.65
13.78
20.71
24.08
14.45
12.72
26.33
14.34
21.77
5.97
12.81
18.87
13.88
13.16
11.37
43.43
6.12
42.29
88.79
18.52
89.22
9.65
28.59
29.95
2.38
13.35
18.86
20.95
15.82
9.63
21.30
25.67
15.50
28.02
19.37
5.98
12.54
13.77
50.98
20.81
24.18
17.55
15.15
69.17
16.02
19.93
23.83
10.12
34.23
20.45
13.02
12.95
18.31
18.57
16.34
52.00
14.78
3.14
16.72
14.95
18.91
12.25
8.68
22.20
10.62
20.56
15.86
11.99
33.96
13.27
